
v3.0 hex words addressed
000: 0802 0802 0802 0802 0484 0484 0484 0484 
008: 0000 0000 0000 0000 0000 0000 0000 0000 
010: 0000 0000 0000 0000 0000 0000 0000 0000 
018: 0000 0000 0000 0000 0000 0000 0000 0000 
020: 0000 0000 0000 0000 0000 0000 0000 0000 
028: 0000 0000 0000 0000 0000 0000 0000 0000 
030: 0000 0000 0000 0000 0000 0000 0000 0000 
038: 0000 0000 0000 0000 0000 0000 0000 0000 
040: 0802 0802 0802 0802 0484 0484 0484 0484 
048: 0840 0840 0840 0840 2400 2400 2400 2400 
050: 0000 0000 0000 0000 0000 0000 0000 0000 
058: 0000 0000 0000 0000 0000 0000 0000 0000 
060: 0000 0000 0000 0000 0000 0000 0000 0000 
068: 0000 0000 0000 0000 0000 0000 0000 0000 
070: 0000 0000 0000 0000 0000 0000 0000 0000 
078: 0000 0000 0000 0000 0000 0000 0000 0000 
080: 0802 0802 0802 0802 0484 0484 0484 0484 
088: 0840 0840 0840 0840 1400 1400 1400 1400 
090: 0000 0000 0000 0000 0000 0000 0000 0000 
098: 0000 0000 0000 0000 0000 0000 0000 0000 
0A0: 0000 0000 0000 0000 0000 0000 0000 0000 
0A8: 0000 0000 0000 0000 0000 0000 0000 0000 
0B0: 0000 0000 0000 0000 0000 0000 0000 0000 
0B8: 0000 0000 0000 0000 0000 0000 0000 0000 
0C0: 0802 0802 0802 0802 0484 0484 0484 0484 
0C8: 0840 0840 0840 0840 1400 1400 1400 1400 
0D0: A200 A200 A200 A200 0000 0000 0000 0000 
0D8: 0000 0000 0000 0000 0000 0000 0000 0000 
0E0: 0000 0000 0000 0000 0000 0000 0000 0000 
0E8: 0000 0000 0000 0000 0000 0000 0000 0000 
0F0: 0000 0000 0000 0000 0000 0000 0000 0000 
0F8: 0000 0000 0000 0000 0000 0000 0000 0000 
100: 0802 0802 0802 0802 0484 0484 0484 0484 
108: 0840 0840 0840 0840 1400 1400 1400 1400 
110: A300 A300 A300 A300 0000 0000 0000 0000 
118: 0000 0000 0000 0000 0000 0000 0000 0000 
120: 0000 0000 0000 0000 0000 0000 0000 0000 
128: 0000 0000 0000 0000 0000 0000 0000 0000 
130: 0000 0000 0000 0000 0000 0000 0000 0000 
138: 0000 0000 0000 0000 0000 0000 0000 0000 
140: 0802 0802 0802 0802 0484 0484 0484 0484 
148: 4020 4020 4020 4020 0000 0000 0000 0000 
150: 0000 0000 0000 0000 0000 0000 0000 0000 
158: 0000 0000 0000 0000 0000 0000 0000 0000 
160: 0000 0000 0000 0000 0000 0000 0000 0000 
168: 0000 0000 0000 0000 0000 0000 0000 0000 
170: 0000 0000 0000 0000 0000 0000 0000 0000 
178: 0000 0000 0000 0000 0000 0000 0000 0000 
180: 0802 0802 0802 0802 0484 0484 0484 0484 
188: 0050 0050 0050 0050 0000 0000 0000 0000 
190: 0000 0000 0000 0000 0000 0000 0000 0000 
198: 0000 0000 0000 0000 0000 0000 0000 0000 
1A0: 0000 0000 0000 0000 0000 0000 0000 0000 
1A8: 0000 0000 0000 0000 0000 0000 0000 0000 
1B0: 0000 0000 0000 0000 0000 0000 0000 0000 
1B8: 0000 0000 0000 0000 0000 0000 0000 0000 
1C0: 0802 0802 0802 0802 0484 0484 0484 0484 
1C8: 0840 0840 0840 0840 4001 4001 4001 4001 
1D0: 0000 0000 0000 0000 0000 0000 0000 0000 
1D8: 0000 0000 0000 0000 0000 0000 0000 0000 
1E0: 0000 0000 0000 0000 0000 0000 0000 0000 
1E8: 0000 0000 0000 0000 0000 0000 0000 0000 
1F0: 0000 0000 0000 0000 0000 0000 0000 0000 
1F8: 0000 0000 0000 0000 0000 0000 0000 0000 
200: 0802 0802 0802 0802 0484 0484 0484 0484 
208: 2040 2040 2040 2040 0000 0000 0000 0000 
210: 0000 0000 0000 0000 0000 0000 0000 0000 
218: 0000 0000 0000 0000 0000 0000 0000 0000 
220: 0000 0000 0000 0000 0000 0000 0000 0000 
228: 0000 0000 0000 0000 0000 0000 0000 0000 
230: 0000 0000 0000 0000 0000 0000 0000 0000 
238: 0000 0000 0000 0000 0000 0000 0000 0000 
240: 0802 0802 0802 0802 0484 0484 0484 0484 
248: 0000 0000 0050 0050 0000 0000 0000 0000 
250: 0000 0000 0000 0000 0000 0000 0000 0000 
258: 0000 0000 0000 0000 0000 0000 0000 0000 
260: 0000 0000 0000 0000 0000 0000 0000 0000 
268: 0000 0000 0000 0000 0000 0000 0000 0000 
270: 0000 0000 0000 0000 0000 0000 0000 0000 
278: 0000 0000 0000 0000 0000 0000 0000 0000 
280: 0802 0802 0802 0802 0484 0484 0484 0484 
288: 0000 0050 0000 0050 0000 0000 0000 0000 
290: 0000 0000 0000 0000 0000 0000 0000 0000 
298: 0000 0000 0000 0000 0000 0000 0000 0000 
2A0: 0000 0000 0000 0000 0000 0000 0000 0000 
2A8: 0000 0000 0000 0000 0000 0000 0000 0000 
2B0: 0000 0000 0000 0000 0000 0000 0000 0000 
2B8: 0000 0000 0000 0000 0000 0000 0000 0000 
2C0: 0802 0802 0802 0802 0484 0484 0484 0484 
2C8: 0008 0008 0008 0008 0000 0000 0000 0000 
2D0: 0000 0000 0000 0000 0000 0000 0000 0000 
2D8: 0000 0000 0000 0000 0000 0000 0000 0000 
2E0: 0000 0000 0000 0000 0000 0000 0000 0000 
2E8: 0000 0000 0000 0000 0000 0000 0000 0000 
2F0: 0000 0000 0000 0000 0000 0000 0000 0000 
2F8: 0000 0000 0000 0000 0000 0000 0000 0000 
300: 0802 0802 0802 0802 0484 0484 0484 0484 
308: 0000 0000 0000 0000 0000 0000 0000 0000 
310: 0000 0000 0000 0000 0000 0000 0000 0000 
318: 0000 0000 0000 0000 0000 0000 0000 0000 
320: 0000 0000 0000 0000 0000 0000 0000 0000 
328: 0000 0000 0000 0000 0000 0000 0000 0000 
330: 0000 0000 0000 0000 0000 0000 0000 0000 
338: 0000 0000 0000 0000 0000 0000 0000 0000 
340: 0802 0802 0802 0802 0484 0484 0484 0484 
348: 0000 0000 0000 0000 0000 0000 0000 0000 
350: 0000 0000 0000 0000 0000 0000 0000 0000 
358: 0000 0000 0000 0000 0000 0000 0000 0000 
360: 0000 0000 0000 0000 0000 0000 0000 0000 
368: 0000 0000 0000 0000 0000 0000 0000 0000 
370: 0000 0000 0000 0000 0000 0000 0000 0000 
378: 0000 0000 0000 0000 0000 0000 0000 0000 
380: 0802 0802 0802 0802 0484 0484 0484 0484 
388: 0000 0000 0000 0000 0000 0000 0000 0000 
390: 0000 0000 0000 0000 0000 0000 0000 0000 
398: 0000 0000 0000 0000 0000 0000 0000 0000 
3A0: 0000 0000 0000 0000 0000 0000 0000 0000 
3A8: 0000 0000 0000 0000 0000 0000 0000 0000 
3B0: 0000 0000 0000 0000 0000 0000 0000 0000 
3B8: 0000 0000 0000 0000 0000 0000 0000 0000 
3C0: 0802 0802 0802 0802 0484 0484 0484 0484 
3C8: 0000 0000 0000 0000 0000 0000 0000 0000 
3D0: 0000 0000 0000 0000 0000 0000 0000 0000 
3D8: 0000 0000 0000 0000 0000 0000 0000 0000 
3E0: 0000 0000 0000 0000 0000 0000 0000 0000 
3E8: 0000 0000 0000 0000 0000 0000 0000 0000 
3F0: 0000 0000 0000 0000 0000 0000 0000 0000 
3F8: 0000 0000 0000 0000 0000 0000 0000 0000 