
v3.0 hex words addressed
00: 100F 400C A006 100D 5000 B000 700F 100D 
08: 300E 700D 6000 0000 0001 0000 0002 0003 
10: 0000 0000 0000 0000 0000 0000 0000 0000 
18: 0000 0000 0000 0000 0000 0000 0000 0000 
20: 0000 0000 0000 0000 0000 0000 0000 0000 
28: 0000 0000 0000 0000 0000 0000 0000 0000 
30: 0000 0000 0000 0000 0000 0000 0000 0000 
38: 0000 0000 0000 0000 0000 0000 0000 0000 
40: 0000 0000 0000 0000 0000 0000 0000 0000 
48: 0000 0000 0000 0000 0000 0000 0000 0000 
50: 0000 0000 0000 0000 0000 0000 0000 0000 
58: 0000 0000 0000 0000 0000 0000 0000 0000 
60: 0000 0000 0000 0000 0000 0000 0000 0000 
68: 0000 0000 0000 0000 0000 0000 0000 0000 
70: 0000 0000 0000 0000 0000 0000 0000 0000 
78: 0000 0000 0000 0000 0000 0000 0000 0000 
80: 0000 0000 0000 0000 0000 0000 0000 0000 
88: 0000 0000 0000 0000 0000 0000 0000 0000 
90: 0000 0000 0000 0000 0000 0000 0000 0000 
98: 0000 0000 0000 0000 0000 0000 0000 0000 
A0: 0000 0000 0000 0000 0000 0000 0000 0000 
A8: 0000 0000 0000 0000 0000 0000 0000 0000 
B0: 0000 0000 0000 0000 0000 0000 0000 0000 
B8: 0000 0000 0000 0000 0000 0000 0000 0000 
C0: 0000 0000 0000 0000 0000 0000 0000 0000 
C8: 0000 0000 0000 0000 0000 0000 0000 0000 
D0: 0000 0000 0000 0000 0000 0000 0000 0000 
D8: 0000 0000 0000 0000 0000 0000 0000 0000 
E0: 0000 0000 0000 0000 0000 0000 0000 0000 
E8: 0000 0000 0000 0000 0000 0000 0000 0000 
F0: 0000 0000 0000 0000 0000 0000 0000 0000 
F8: 0000 0000 0000 0000 0000 0000 0000 0000 