v3.0 hex words addressed
000: 00804 00804 00804 00804 09008 09008 09008 09008
008: 00001 00001 00001 00001 00000 00000 00000 00000
010: 00000 00000 00000 00000 00000 00000 00000 00000
018: 00000 00000 00000 00000 00000 00000 00000 00000
020: 00000 00000 00000 00000 00000 00000 00000 00000
028: 00000 00000 00000 00000 00000 00000 00000 00000
030: 00000 00000 00000 00000 00000 00000 00000 00000
038: 00000 00000 00000 00000 00000 00000 00000 00000
040: 00804 00804 00804 00804 09008 09008 09008 09008
048: 00006 00006 00006 00006 00018 00018 00018 00018
050: 00001 00001 00001 00001 00000 00000 00000 00000
058: 00000 00000 00000 00000 00000 00000 00000 00000
060: 00000 00000 00000 00000 00000 00000 00000 00000
068: 00000 00000 00000 00000 00000 00000 00000 00000
070: 00000 00000 00000 00000 00000 00000 00000 00000
078: 00000 00000 00000 00000 00000 00000 00000 00000
080: 00804 00804 00804 00804 09008 09008 09008 09008
088: 00006 00006 00006 00006 00028 00028 00028 00028
090: 00001 00001 00001 00001 00000 00000 00000 00000
098: 00000 00000 00000 00000 00000 00000 00000 00000
0a0: 00000 00000 00000 00000 00000 00000 00000 00000
0a8: 00000 00000 00000 00000 00000 00000 00000 00000
0b0: 00000 00000 00000 00000 00000 00000 00000 00000
0b8: 00000 00000 00000 00000 00000 00000 00000 00000
0c0: 00804 00804 00804 00804 09008 09008 09008 09008
0c8: 00006 00006 00006 00006 00028 00028 00028 00028
0d0: 00190 00190 00190 00190 00001 00001 00001 00001
0d8: 00000 00000 00000 00000 00000 00000 00000 00000
0e0: 00000 00000 00000 00000 00000 00000 00000 00000
0e8: 00000 00000 00000 00000 00000 00000 00000 00000
0f0: 00000 00000 00000 00000 00000 00000 00000 00000
0f8: 00000 00000 00000 00000 00000 00000 00000 00000
100: 00804 00804 00804 00804 09008 09008 09008 09008
108: 00006 00006 00006 00006 00028 00028 00028 00028
110: 10190 10190 10190 10190 00001 00001 00001 00001
118: 00000 00000 00000 00000 00000 00000 00000 00000
120: 00000 00000 00000 00000 00000 00000 00000 00000
128: 00000 00000 00000 00000 00000 00000 00000 00000
130: 00000 00000 00000 00000 00000 00000 00000 00000
138: 00000 00000 00000 00000 00000 00000 00000 00000
140: 00804 00804 00804 00804 09008 09008 09008 09008
148: 04200 04200 04200 04200 00001 00001 00001 00001
150: 00000 00000 00000 00000 00000 00000 00000 00000
158: 00000 00000 00000 00000 00000 00000 00000 00000
160: 00000 00000 00000 00000 00000 00000 00000 00000
168: 00000 00000 00000 00000 00000 00000 00000 00000
170: 00000 00000 00000 00000 00000 00000 00000 00000
178: 00000 00000 00000 00000 00000 00000 00000 00000
180: 00804 00804 00804 00804 09008 09008 09008 09008
188: 00042 00042 00042 00042 00001 00001 00001 00001
190: 00000 00000 00000 00000 00000 00000 00000 00000
198: 00000 00000 00000 00000 00000 00000 00000 00000
1a0: 00000 00000 00000 00000 00000 00000 00000 00000
1a8: 00000 00000 00000 00000 00000 00000 00000 00000
1b0: 00000 00000 00000 00000 00000 00000 00000 00000
1b8: 00000 00000 00000 00000 00000 00000 00000 00000
1c0: 00804 00804 00804 00804 09008 09008 09008 09008
1c8: 00006 00006 00006 00006 00600 00600 00600 00600
1d0: 00001 00001 00001 00001 00000 00000 00000 00000
1d8: 00000 00000 00000 00000 00000 00000 00000 00000
1e0: 00000 00000 00000 00000 00000 00000 00000 00000
1e8: 00000 00000 00000 00000 00000 00000 00000 00000
1f0: 00000 00000 00000 00000 00000 00000 00000 00000
1f8: 00000 00000 00000 00000 00000 00000 00000 00000
200: 00804 00804 00804 00804 09008 09008 09008 09008
208: 00012 00012 00012 00012 00001 00001 00001 00001
210: 00000 00000 00000 00000 00000 00000 00000 00000
218: 00000 00000 00000 00000 00000 00000 00000 00000
220: 00000 00000 00000 00000 00000 00000 00000 00000
228: 00000 00000 00000 00000 00000 00000 00000 00000
230: 00000 00000 00000 00000 00000 00000 00000 00000
238: 00000 00000 00000 00000 00000 00000 00000 00000
240: 00804 00804 00804 00804 09008 09008 09008 09008
248: 00001 00001 00042 00042 00001 00001 00001 00001
250: 00000 00000 00000 00000 00000 00000 00000 00000
258: 00000 00000 00000 00000 00000 00000 00000 00000
260: 00000 00000 00000 00000 00000 00000 00000 00000
268: 00000 00000 00000 00000 00000 00000 00000 00000
270: 00000 00000 00000 00000 00000 00000 00000 00000
278: 00000 00000 00000 00000 00000 00000 00000 00000
280: 00804 00804 00804 00804 09008 09008 09008 09008
288: 00001 00042 00001 00042 00001 00001 00001 00001
290: 00000 00000 00000 00000 00000 00000 00000 00000
298: 00000 00000 00000 00000 00000 00000 00000 00000
2a0: 00000 00000 00000 00000 00000 00000 00000 00000
2a8: 00000 00000 00000 00000 00000 00000 00000 00000
2b0: 00000 00000 00000 00000 00000 00000 00000 00000
2b8: 00000 00000 00000 00000 00000 00000 00000 00000
2c0: 00804 00804 00804 00804 09008 09008 09008 09008
2c8: 02000 02000 02000 02000 00001 00001 00001 00001
2d0: 00000 00000 00000 00000 00000 00000 00000 00000
2d8: 00000 00000 00000 00000 00000 00000 00000 00000
2e0: 00000 00000 00000 00000 00000 00000 00000 00000
2e8: 00000 00000 00000 00000 00000 00000 00000 00000
2f0: 00000 00000 00000 00000 00000 00000 00000 00000
2f8: 00000 00000 00000 00000 00000 00000 00000 00000
300: 00804 00804 00804 00804 09008 09008 09008 09008
308: 00204 00204 00204 00204 00018 00018 00018 00018
310: 00001 00001 00001 00001 00000 00000 00000 00000
318: 00000 00000 00000 00000 00000 00000 00000 00000
320: 00000 00000 00000 00000 00000 00000 00000 00000
328: 00000 00000 00000 00000 00000 00000 00000 00000
330: 00000 00000 00000 00000 00000 00000 00000 00000
338: 00000 00000 00000 00000 00000 00000 00000 00000
340: 00000 00000 00000 00000 00000 00000 00000 00000
348: 00000 00000 00000 00000 00000 00000 00000 00000
350: 00000 00000 00000 00000 00000 00000 00000 00000
358: 00000 00000 00000 00000 00000 00000 00000 00000
360: 00000 00000 00000 00000 00000 00000 00000 00000
368: 00000 00000 00000 00000 00000 00000 00000 00000
370: 00000 00000 00000 00000 00000 00000 00000 00000
378: 00000 00000 00000 00000 00000 00000 00000 00000
380: 00000 00000 00000 00000 00000 00000 00000 00000
388: 00000 00000 00000 00000 00000 00000 00000 00000
390: 00000 00000 00000 00000 00000 00000 00000 00000
398: 00000 00000 00000 00000 00000 00000 00000 00000
3a0: 00000 00000 00000 00000 00000 00000 00000 00000
3a8: 00000 00000 00000 00000 00000 00000 00000 00000
3b0: 00000 00000 00000 00000 00000 00000 00000 00000
3b8: 00000 00000 00000 00000 00000 00000 00000 00000
3c0: 00000 00000 00000 00000 00000 00000 00000 00000
3c8: 00000 00000 00000 00000 00000 00000 00000 00000
3d0: 00000 00000 00000 00000 00000 00000 00000 00000
3d8: 00000 00000 00000 00000 00000 00000 00000 00000
3e0: 00000 00000 00000 00000 00000 00000 00000 00000
3e8: 00000 00000 00000 00000 00000 00000 00000 00000
3f0: 00000 00000 00000 00000 00000 00000 00000 00000
3f8: 00000 00000 00000 00000 00000 00000 00000 00000