
v3.0 hex words addressed
000: 00460 00460 00460 00460 04240 04240 04240 04240 
008: 01000 01000 01000 01000 00000 00000 00000 00000 
010: 00000 00000 00000 00000 00000 00000 00000 00000 
018: 00000 00000 00000 00000 00000 00000 00000 00000 
020: 00000 00000 00000 00000 00000 00000 00000 00000 
028: 00000 00000 00000 00000 00000 00000 00000 00000 
030: 00000 00000 00000 00000 00000 00000 00000 00000 
038: 00000 00000 00000 00000 00000 00000 00000 00000 
040: 00460 00460 00460 00460 04240 04240 04240 04240 
048: 00450 00450 00450 00450 000c0 000c0 000c0 000c0 
050: 01000 01000 01000 01000 00000 00000 00000 00000 
058: 00000 00000 00000 00000 00000 00000 00000 00000 
060: 00000 00000 00000 00000 00000 00000 00000 00000 
068: 00000 00000 00000 00000 00000 00000 00000 00000 
070: 00000 00000 00000 00000 00000 00000 00000 00000 
078: 00000 00000 00000 00000 00000 00000 00000 00000 
080: 00460 00460 00460 00460 04240 04240 04240 04240 
088: 00450 00450 00450 00450 00140 00140 00140 00140 
090: 01000 01000 01000 01000 00000 00000 00000 00000 
098: 00000 00000 00000 00000 00000 00000 00000 00000 
0a0: 00000 00000 00000 00000 00000 00000 00000 00000 
0a8: 00000 00000 00000 00000 00000 00000 00000 00000 
0b0: 00000 00000 00000 00000 00000 00000 00000 00000 
0b8: 00000 00000 00000 00000 00000 00000 00000 00000 
0c0: 00460 00460 00460 00460 04240 04240 04240 04240 
0c8: 00450 00450 00450 00450 001c0 001c0 001c0 001c0 
0d0: 01000 01000 01000 01000 00000 00000 00000 00000 
0d8: 00000 00000 00000 00000 00000 00000 00000 00000 
0e0: 00000 00000 00000 00000 00000 00000 00000 00000 
0e8: 00000 00000 00000 00000 00000 00000 00000 00000 
0f0: 00000 00000 00000 00000 00000 00000 00000 00000 
0f8: 00000 00000 00000 00000 00000 00000 00000 00000 
100: 00460 00460 00460 00460 04240 04240 04240 04240 
108: 000d0 000d0 000d0 000d0 01000 01000 01000 01000 
110: 00000 00000 00000 00000 00000 00000 00000 00000 
118: 00000 00000 00000 00000 00000 00000 00000 00000 
120: 00000 00000 00000 00000 00000 00000 00000 00000 
128: 00000 00000 00000 00000 00000 00000 00000 00000 
130: 00000 00000 00000 00000 00000 00000 00000 00000 
138: 00000 00000 00000 00000 00000 00000 00000 00000 
140: 00460 00460 00460 00460 04240 04240 04240 04240 
148: 00150 00150 00150 00150 01000 01000 01000 01000 
150: 00000 00000 00000 00000 00000 00000 00000 00000 
158: 00000 00000 00000 00000 00000 00000 00000 00000 
160: 00000 00000 00000 00000 00000 00000 00000 00000 
168: 00000 00000 00000 00000 00000 00000 00000 00000 
170: 00000 00000 00000 00000 00000 00000 00000 00000 
178: 00000 00000 00000 00000 00000 00000 00000 00000 
180: 00460 00460 00460 00460 04240 04240 04240 04240 
188: 000f0 000f0 000f0 000f0 01000 01000 01000 01000 
190: 00000 00000 00000 00000 00000 00000 00000 00000 
198: 00000 00000 00000 00000 00000 00000 00000 00000 
1a0: 00000 00000 00000 00000 00000 00000 00000 00000 
1a8: 00000 00000 00000 00000 00000 00000 00000 00000 
1b0: 00000 00000 00000 00000 00000 00000 00000 00000 
1b8: 00000 00000 00000 00000 00000 00000 00000 00000 
1c0: 00460 00460 00460 00460 04240 04240 04240 04240 
1c8: 00490 00490 00490 00490 01000 01000 01000 01000 
1d0: 00000 00000 00000 00000 00000 00000 00000 00000 
1d8: 00000 00000 00000 00000 00000 00000 00000 00000 
1e0: 00000 00000 00000 00000 00000 00000 00000 00000 
1e8: 00000 00000 00000 00000 00000 00000 00000 00000 
1f0: 00000 00000 00000 00000 00000 00000 00000 00000 
1f8: 00000 00000 00000 00000 00000 00000 00000 00000 
200: 00460 00460 00460 00460 04240 04240 04240 04240 
208: 00450 00450 00450 00450 00310 00310 00310 00310 
210: 01000 01000 01000 01000 00000 00000 00000 00000 
218: 00000 00000 00000 00000 00000 00000 00000 00000 
220: 00000 00000 00000 00000 00000 00000 00000 00000 
228: 00000 00000 00000 00000 00000 00000 00000 00000 
230: 00000 00000 00000 00000 00000 00000 00000 00000 
238: 00000 00000 00000 00000 00000 00000 00000 00000 
240: 00460 00460 00460 00460 04240 04240 04240 04240 
248: 00450 00450 00450 00450 00330 00330 00330 00330 
250: 01000 01000 01000 01000 00000 00000 00000 00000 
258: 00000 00000 00000 00000 00000 00000 00000 00000 
260: 00000 00000 00000 00000 00000 00000 00000 00000 
268: 00000 00000 00000 00000 00000 00000 00000 00000 
270: 00000 00000 00000 00000 00000 00000 00000 00000 
278: 00000 00000 00000 00000 00000 00000 00000 00000 
280: 00460 00460 00460 00460 04240 04240 04240 04240 
288: 08880 08880 08880 08880 01000 01000 01000 01000 
290: 00000 00000 00000 00000 00000 00000 00000 00000 
298: 00000 00000 00000 00000 00000 00000 00000 00000 
2a0: 00000 00000 00000 00000 00000 00000 00000 00000 
2a8: 00000 00000 00000 00000 00000 00000 00000 00000 
2b0: 00000 00000 00000 00000 00000 00000 00000 00000 
2b8: 00000 00000 00000 00000 00000 00000 00000 00000 
2c0: 00460 00460 00460 00460 04240 04240 04240 04240 
2c8: 08881 08881 08881 08881 01000 01000 01000 01000 
2d0: 00000 00000 00000 00000 00000 00000 00000 00000 
2d8: 00000 00000 00000 00000 00000 00000 00000 00000 
2e0: 00000 00000 00000 00000 00000 00000 00000 00000 
2e8: 00000 00000 00000 00000 00000 00000 00000 00000 
2f0: 00000 00000 00000 00000 00000 00000 00000 00000 
2f8: 00000 00000 00000 00000 00000 00000 00000 00000 
300: 00460 00460 00460 00460 04240 04240 04240 04240 
308: 08882 08882 08882 08882 01000 01000 01000 01000 
310: 00000 00000 00000 00000 00000 00000 00000 00000 
318: 00000 00000 00000 00000 00000 00000 00000 00000 
320: 00000 00000 00000 00000 00000 00000 00000 00000 
328: 00000 00000 00000 00000 00000 00000 00000 00000 
330: 00000 00000 00000 00000 00000 00000 00000 00000 
338: 00000 00000 00000 00000 00000 00000 00000 00000 
340: 00460 00460 00460 00460 04240 04240 04240 04240 
348: 08883 08883 08883 08883 01000 01000 01000 01000 
350: 00000 00000 00000 00000 00000 00000 00000 00000 
358: 00000 00000 00000 00000 00000 00000 00000 00000 
360: 00000 00000 00000 00000 00000 00000 00000 00000 
368: 00000 00000 00000 00000 00000 00000 00000 00000 
370: 00000 00000 00000 00000 00000 00000 00000 00000 
378: 00000 00000 00000 00000 00000 00000 00000 00000 
380: 00460 00460 00460 00460 04240 04240 04240 04240 
388: 00460 00460 00460 00460 003c0 003c0 003c0 003c0 
390: 01000 01000 01000 01000 00000 00000 00000 00000 
398: 00000 00000 00000 00000 00000 00000 00000 00000 
3a0: 00000 00000 00000 00000 00000 00000 00000 00000 
3a8: 00000 00000 00000 00000 00000 00000 00000 00000 
3b0: 00000 00000 00000 00000 00000 00000 00000 00000 
3b8: 00000 00000 00000 00000 00000 00000 00000 00000 
3c0: 00460 00460 00460 00460 04240 04240 04240 04240 
3c8: 00460 00460 00460 00460 04040 04040 04040 04040 
3d0: 00000 00000 00380 00380 01000 01000 01000 01000 
3d8: 00000 00000 00000 00000 00000 00000 00000 00000 
3e0: 00000 00000 00000 00000 00000 00000 00000 00000 
3e8: 00000 00000 00000 00000 00000 00000 00000 00000 
3f0: 00000 00000 00000 00000 00000 00000 00000 00000 
3f8: 00000 00000 00000 00000 00000 00000 00000 00000 
400: 00460 00460 00460 00460 04240 04240 04240 04240 
408: 00460 00460 00460 00460 04040 04040 04040 04040 
410: 00000 00380 00000 00380 01000 01000 01000 01000 
418: 00000 00000 00000 00000 00000 00000 00000 00000 
420: 00000 00000 00000 00000 00000 00000 00000 00000 
428: 00000 00000 00000 00000 00000 00000 00000 00000 
430: 00000 00000 00000 00000 00000 00000 00000 00000 
438: 00000 00000 00000 00000 00000 00000 00000 00000 
440: 00460 00460 00460 00460 04240 04240 04240 04240 
448: 00390 00390 00390 00390 01000 01000 01000 01000 
450: 00000 00000 00000 00000 00000 00000 00000 00000 
458: 00000 00000 00000 00000 00000 00000 00000 00000 
460: 00000 00000 00000 00000 00000 00000 00000 00000 
468: 00000 00000 00000 00000 00000 00000 00000 00000 
470: 00000 00000 00000 00000 00000 00000 00000 00000 
478: 00000 00000 00000 00000 00000 00000 00000 00000 
480: 00460 00460 00460 00460 04240 04240 04240 04240 
488: 00410 00410 00410 00410 000c0 000c0 000c0 000c0 
490: 01000 01000 01000 01000 00000 00000 00000 00000 
498: 00000 00000 00000 00000 00000 00000 00000 00000 
4a0: 00000 00000 00000 00000 00000 00000 00000 00000 
4a8: 00000 00000 00000 00000 00000 00000 00000 00000 
4b0: 00000 00000 00000 00000 00000 00000 00000 00000 
4b8: 00000 00000 00000 00000 00000 00000 00000 00000 
4c0: 00460 00460 00460 00460 04240 04240 04240 04240 
4c8: 00410 00410 00410 00410 00320 00320 00320 00320 
4d0: 01000 01000 01000 01000 00000 00000 00000 00000 
4d8: 00000 00000 00000 00000 00000 00000 00000 00000 
4e0: 00000 00000 00000 00000 00000 00000 00000 00000 
4e8: 00000 00000 00000 00000 00000 00000 00000 00000 
4f0: 00000 00000 00000 00000 00000 00000 00000 00000 
4f8: 00000 00000 00000 00000 00000 00000 00000 00000 
500: 00460 00460 00460 00460 04240 04240 04240 04240 
508: 00460 00460 00460 00460 04440 04440 04440 04440 
510: 000c0 000c0 000c0 000c0 01000 01000 01000 01000 
518: 00000 00000 00000 00000 00000 00000 00000 00000 
520: 00000 00000 00000 00000 00000 00000 00000 00000 
528: 00000 00000 00000 00000 00000 00000 00000 00000 
530: 00000 00000 00000 00000 00000 00000 00000 00000 
538: 00000 00000 00000 00000 00000 00000 00000 00000 
540: 00460 00460 00460 00460 04240 04240 04240 04240 
548: 00460 00460 00460 00460 04440 04440 04440 04440 
550: 00310 00310 00310 00310 01000 01000 01000 01000 
558: 00000 00000 00000 00000 00000 00000 00000 00000 
560: 00000 00000 00000 00000 00000 00000 00000 00000 
568: 00000 00000 00000 00000 00000 00000 00000 00000 
570: 00000 00000 00000 00000 00000 00000 00000 00000 
578: 00000 00000 00000 00000 00000 00000 00000 00000 
580: 00460 00460 00460 00460 04240 04240 04240 04240 
588: 00460 00460 00460 00460 040c0 040c0 040c0 040c0 
590: 01000 01000 01000 01000 00000 00000 00000 00000 
598: 00000 00000 00000 00000 00000 00000 00000 00000 
5a0: 00000 00000 00000 00000 00000 00000 00000 00000 
5a8: 00000 00000 00000 00000 00000 00000 00000 00000 
5b0: 00000 00000 00000 00000 00000 00000 00000 00000 
5b8: 00000 00000 00000 00000 00000 00000 00000 00000 
5c0: 00460 00460 00460 00460 04240 04240 04240 04240 
5c8: 00190 00190 00190 00190 000a0 000a0 000a0 000a0 
5d0: 00130 00130 00130 00130 01000 01000 01000 01000 
5d8: 00000 00000 00000 00000 00000 00000 00000 00000 
5e0: 00000 00000 00000 00000 00000 00000 00000 00000 
5e8: 00000 00000 00000 00000 00000 00000 00000 00000 
5f0: 00000 00000 00000 00000 00000 00000 00000 00000 
5f8: 00000 00000 00000 00000 00000 00000 00000 00000 
600: 00460 00460 00460 00460 04240 04240 04240 04240 
608: 00110 00110 00110 00110 000b0 000b0 000b0 000b0 
610: 001a0 001a0 001a0 001a0 01000 01000 01000 01000 
618: 00000 00000 00000 00000 00000 00000 00000 00000 
620: 00000 00000 00000 00000 00000 00000 00000 00000 
628: 00000 00000 00000 00000 00000 00000 00000 00000 
630: 00000 00000 00000 00000 00000 00000 00000 00000 
638: 00000 00000 00000 00000 00000 00000 00000 00000 
640: 00460 00460 00460 00460 04240 04240 04240 04240 
648: 000e0 000e0 000e0 000e0 01000 01000 01000 01000 
650: 00000 00000 00000 00000 00000 00000 00000 00000 
658: 00000 00000 00000 00000 00000 00000 00000 00000 
660: 00000 00000 00000 00000 00000 00000 00000 00000 
668: 00000 00000 00000 00000 00000 00000 00000 00000 
670: 00000 00000 00000 00000 00000 00000 00000 00000 
678: 00000 00000 00000 00000 00000 00000 00000 00000 
680: 00460 00460 00460 00460 04240 04240 04240 04240 
688: 08884 08884 08884 08884 01000 01000 01000 01000 
690: 00000 00000 00000 00000 00000 00000 00000 00000 
698: 00000 00000 00000 00000 00000 00000 00000 00000 
6a0: 00000 00000 00000 00000 00000 00000 00000 00000 
6a8: 00000 00000 00000 00000 00000 00000 00000 00000 
6b0: 00000 00000 00000 00000 00000 00000 00000 00000 
6b8: 00000 00000 00000 00000 00000 00000 00000 00000 
6c0: 00460 00460 00460 00460 04240 04240 04240 04240 
6c8: 08885 08885 08885 08885 01000 01000 01000 01000 
6d0: 00000 00000 00000 00000 00000 00000 00000 00000 
6d8: 00000 00000 00000 00000 00000 00000 00000 00000 
6e0: 00000 00000 00000 00000 00000 00000 00000 00000 
6e8: 00000 00000 00000 00000 00000 00000 00000 00000 
6f0: 00000 00000 00000 00000 00000 00000 00000 00000 
6f8: 00000 00000 00000 00000 00000 00000 00000 00000 
700: 00460 00460 00460 00460 04240 04240 04240 04240 
708: 08886 08886 08886 08886 01000 01000 01000 01000 
710: 00000 00000 00000 00000 00000 00000 00000 00000 
718: 00000 00000 00000 00000 00000 00000 00000 00000 
720: 00000 00000 00000 00000 00000 00000 00000 00000 
728: 00000 00000 00000 00000 00000 00000 00000 00000 
730: 00000 00000 00000 00000 00000 00000 00000 00000 
738: 00000 00000 00000 00000 00000 00000 00000 00000 
740: 00460 00460 00460 00460 04240 04240 04240 04240 
748: 08887 08887 08887 08887 01000 01000 01000 01000 
750: 00000 00000 00000 00000 00000 00000 00000 00000 
758: 00000 00000 00000 00000 00000 00000 00000 00000 
760: 00000 00000 00000 00000 00000 00000 00000 00000 
768: 00000 00000 00000 00000 00000 00000 00000 00000 
770: 00000 00000 00000 00000 00000 00000 00000 00000 
778: 00000 00000 00000 00000 00000 00000 00000 00000 
780: 00460 00460 00460 00460 04240 04240 04240 04240 
788: 08888 08888 08888 08888 01000 01000 01000 01000 
790: 00000 00000 00000 00000 00000 00000 00000 00000 
798: 00000 00000 00000 00000 00000 00000 00000 00000 
7a0: 00000 00000 00000 00000 00000 00000 00000 00000 
7a8: 00000 00000 00000 00000 00000 00000 00000 00000 
7b0: 00000 00000 00000 00000 00000 00000 00000 00000 
7b8: 00000 00000 00000 00000 00000 00000 00000 00000 
7c0: 00000 00000 00000 00000 00000 00000 00000 00000 
7c8: 00000 00000 00000 00000 00000 00000 00000 00000 
7d0: 00000 00000 00000 00000 00000 00000 00000 00000 
7d8: 00000 00000 00000 00000 00000 00000 00000 00000 
7e0: 00000 00000 00000 00000 00000 00000 00000 00000 
7e8: 00000 00000 00000 00000 00000 00000 00000 00000 
7f0: 00000 00000 00000 00000 00000 00000 00000 00000 
7f8: 00000 00000 00000 00000 00000 00000 00000 00000 