
v3.0 hex words addressed
000: 00230 00230 00230 00230 02120 02120 02120 02120 
008: 00800 00800 00800 00800 00000 00000 00000 00000 
010: 00000 00000 00000 00000 00000 00000 00000 00000 
018: 00000 00000 00000 00000 00000 00000 00000 00000 
020: 00000 00000 00000 00000 00000 00000 00000 00000 
028: 00000 00000 00000 00000 00000 00000 00000 00000 
030: 00000 00000 00000 00000 00000 00000 00000 00000 
038: 00000 00000 00000 00000 00000 00000 00000 00000 
040: 00230 00230 00230 00230 02120 02120 02120 02120 
048: 00228 00228 00228 00228 00060 00060 00060 00060 
050: 00800 00800 00800 00800 00000 00000 00000 00000 
058: 00000 00000 00000 00000 00000 00000 00000 00000 
060: 00000 00000 00000 00000 00000 00000 00000 00000 
068: 00000 00000 00000 00000 00000 00000 00000 00000 
070: 00000 00000 00000 00000 00000 00000 00000 00000 
078: 00000 00000 00000 00000 00000 00000 00000 00000 
080: 00230 00230 00230 00230 02120 02120 02120 02120 
088: 00228 00228 00228 00228 000a0 000a0 000a0 000a0 
090: 00800 00800 00800 00800 00000 00000 00000 00000 
098: 00000 00000 00000 00000 00000 00000 00000 00000 
0a0: 00000 00000 00000 00000 00000 00000 00000 00000 
0a8: 00000 00000 00000 00000 00000 00000 00000 00000 
0b0: 00000 00000 00000 00000 00000 00000 00000 00000 
0b8: 00000 00000 00000 00000 00000 00000 00000 00000 
0c0: 00230 00230 00230 00230 02120 02120 02120 02120 
0c8: 00228 00228 00228 00228 000e0 000e0 000e0 000e0 
0d0: 00800 00800 00800 00800 00000 00000 00000 00000 
0d8: 00000 00000 00000 00000 00000 00000 00000 00000 
0e0: 00000 00000 00000 00000 00000 00000 00000 00000 
0e8: 00000 00000 00000 00000 00000 00000 00000 00000 
0f0: 00000 00000 00000 00000 00000 00000 00000 00000 
0f8: 00000 00000 00000 00000 00000 00000 00000 00000 
100: 00230 00230 00230 00230 02120 02120 02120 02120 
108: 00068 00068 00068 00068 00800 00800 00800 00800 
110: 00000 00000 00000 00000 00000 00000 00000 00000 
118: 00000 00000 00000 00000 00000 00000 00000 00000 
120: 00000 00000 00000 00000 00000 00000 00000 00000 
128: 00000 00000 00000 00000 00000 00000 00000 00000 
130: 00000 00000 00000 00000 00000 00000 00000 00000 
138: 00000 00000 00000 00000 00000 00000 00000 00000 
140: 00230 00230 00230 00230 02120 02120 02120 02120 
148: 000a8 000a8 000a8 000a8 00800 00800 00800 00800 
150: 00000 00000 00000 00000 00000 00000 00000 00000 
158: 00000 00000 00000 00000 00000 00000 00000 00000 
160: 00000 00000 00000 00000 00000 00000 00000 00000 
168: 00000 00000 00000 00000 00000 00000 00000 00000 
170: 00000 00000 00000 00000 00000 00000 00000 00000 
178: 00000 00000 00000 00000 00000 00000 00000 00000 
180: 00230 00230 00230 00230 02120 02120 02120 02120 
188: 00078 00078 00078 00078 00800 00800 00800 00800 
190: 00000 00000 00000 00000 00000 00000 00000 00000 
198: 00000 00000 00000 00000 00000 00000 00000 00000 
1a0: 00000 00000 00000 00000 00000 00000 00000 00000 
1a8: 00000 00000 00000 00000 00000 00000 00000 00000 
1b0: 00000 00000 00000 00000 00000 00000 00000 00000 
1b8: 00000 00000 00000 00000 00000 00000 00000 00000 
1c0: 00230 00230 00230 00230 02120 02120 02120 02120 
1c8: 00248 00248 00248 00248 00800 00800 00800 00800 
1d0: 00000 00000 00000 00000 00000 00000 00000 00000 
1d8: 00000 00000 00000 00000 00000 00000 00000 00000 
1e0: 00000 00000 00000 00000 00000 00000 00000 00000 
1e8: 00000 00000 00000 00000 00000 00000 00000 00000 
1f0: 00000 00000 00000 00000 00000 00000 00000 00000 
1f8: 00000 00000 00000 00000 00000 00000 00000 00000 
200: 00230 00230 00230 00230 02120 02120 02120 02120 
208: 00228 00228 00228 00228 00188 00188 00188 00188 
210: 00800 00800 00800 00800 00000 00000 00000 00000 
218: 00000 00000 00000 00000 00000 00000 00000 00000 
220: 00000 00000 00000 00000 00000 00000 00000 00000 
228: 00000 00000 00000 00000 00000 00000 00000 00000 
230: 00000 00000 00000 00000 00000 00000 00000 00000 
238: 00000 00000 00000 00000 00000 00000 00000 00000 
240: 00230 00230 00230 00230 02120 02120 02120 02120 
248: 00228 00228 00228 00228 00198 00198 00198 00198 
250: 00800 00800 00800 00800 00000 00000 00000 00000 
258: 00000 00000 00000 00000 00000 00000 00000 00000 
260: 00000 00000 00000 00000 00000 00000 00000 00000 
268: 00000 00000 00000 00000 00000 00000 00000 00000 
270: 00000 00000 00000 00000 00000 00000 00000 00000 
278: 00000 00000 00000 00000 00000 00000 00000 00000 
280: 00230 00230 00230 00230 02120 02120 02120 02120 
288: 04440 04440 04440 04440 00800 00800 00800 00800 
290: 00000 00000 00000 00000 00000 00000 00000 00000 
298: 00000 00000 00000 00000 00000 00000 00000 00000 
2a0: 00000 00000 00000 00000 00000 00000 00000 00000 
2a8: 00000 00000 00000 00000 00000 00000 00000 00000 
2b0: 00000 00000 00000 00000 00000 00000 00000 00000 
2b8: 00000 00000 00000 00000 00000 00000 00000 00000 
2c0: 00230 00230 00230 00230 02120 02120 02120 02120 
2c8: 04441 04441 04441 04441 00800 00800 00800 00800 
2d0: 00000 00000 00000 00000 00000 00000 00000 00000 
2d8: 00000 00000 00000 00000 00000 00000 00000 00000 
2e0: 00000 00000 00000 00000 00000 00000 00000 00000 
2e8: 00000 00000 00000 00000 00000 00000 00000 00000 
2f0: 00000 00000 00000 00000 00000 00000 00000 00000 
2f8: 00000 00000 00000 00000 00000 00000 00000 00000 
300: 00230 00230 00230 00230 02120 02120 02120 02120 
308: 04442 04442 04442 04442 00800 00800 00800 00800 
310: 00000 00000 00000 00000 00000 00000 00000 00000 
318: 00000 00000 00000 00000 00000 00000 00000 00000 
320: 00000 00000 00000 00000 00000 00000 00000 00000 
328: 00000 00000 00000 00000 00000 00000 00000 00000 
330: 00000 00000 00000 00000 00000 00000 00000 00000 
338: 00000 00000 00000 00000 00000 00000 00000 00000 
340: 00230 00230 00230 00230 02120 02120 02120 02120 
348: 04443 04443 04443 04443 00800 00800 00800 00800 
350: 00000 00000 00000 00000 00000 00000 00000 00000 
358: 00000 00000 00000 00000 00000 00000 00000 00000 
360: 00000 00000 00000 00000 00000 00000 00000 00000 
368: 00000 00000 00000 00000 00000 00000 00000 00000 
370: 00000 00000 00000 00000 00000 00000 00000 00000 
378: 00000 00000 00000 00000 00000 00000 00000 00000 
380: 00230 00230 00230 00230 02120 02120 02120 02120 
388: 00230 00230 00230 00230 001e0 001e0 001e0 001e0 
390: 00800 00800 00800 00800 00000 00000 00000 00000 
398: 00000 00000 00000 00000 00000 00000 00000 00000 
3a0: 00000 00000 00000 00000 00000 00000 00000 00000 
3a8: 00000 00000 00000 00000 00000 00000 00000 00000 
3b0: 00000 00000 00000 00000 00000 00000 00000 00000 
3b8: 00000 00000 00000 00000 00000 00000 00000 00000 
3c0: 00230 00230 00230 00230 02120 02120 02120 02120 
3c8: 00230 00230 00230 00230 02020 02020 02020 02020 
3d0: 00000 00000 001c0 001c0 00800 00800 00800 00800 
3d8: 00000 00000 00000 00000 00000 00000 00000 00000 
3e0: 00000 00000 00000 00000 00000 00000 00000 00000 
3e8: 00000 00000 00000 00000 00000 00000 00000 00000 
3f0: 00000 00000 00000 00000 00000 00000 00000 00000 
3f8: 00000 00000 00000 00000 00000 00000 00000 00000 
400: 00230 00230 00230 00230 02120 02120 02120 02120 
408: 00230 00230 00230 00230 02020 02020 02020 02020 
410: 00000 001c0 00000 001c0 00800 00800 00800 00800 
418: 00000 00000 00000 00000 00000 00000 00000 00000 
420: 00000 00000 00000 00000 00000 00000 00000 00000 
428: 00000 00000 00000 00000 00000 00000 00000 00000 
430: 00000 00000 00000 00000 00000 00000 00000 00000 
438: 00000 00000 00000 00000 00000 00000 00000 00000 
440: 00230 00230 00230 00230 02120 02120 02120 02120 
448: 001c8 001c8 001c8 001c8 00800 00800 00800 00800 
450: 00000 00000 00000 00000 00000 00000 00000 00000 
458: 00000 00000 00000 00000 00000 00000 00000 00000 
460: 00000 00000 00000 00000 00000 00000 00000 00000 
468: 00000 00000 00000 00000 00000 00000 00000 00000 
470: 00000 00000 00000 00000 00000 00000 00000 00000 
478: 00000 00000 00000 00000 00000 00000 00000 00000 
480: 00230 00230 00230 00230 02120 02120 02120 02120 
488: 00208 00208 00208 00208 00060 00060 00060 00060 
490: 00800 00800 00800 00800 00000 00000 00000 00000 
498: 00000 00000 00000 00000 00000 00000 00000 00000 
4a0: 00000 00000 00000 00000 00000 00000 00000 00000 
4a8: 00000 00000 00000 00000 00000 00000 00000 00000 
4b0: 00000 00000 00000 00000 00000 00000 00000 00000 
4b8: 00000 00000 00000 00000 00000 00000 00000 00000 
4c0: 00230 00230 00230 00230 02120 02120 02120 02120 
4c8: 00208 00208 00208 00208 00190 00190 00190 00190 
4d0: 00800 00800 00800 00800 00000 00000 00000 00000 
4d8: 00000 00000 00000 00000 00000 00000 00000 00000 
4e0: 00000 00000 00000 00000 00000 00000 00000 00000 
4e8: 00000 00000 00000 00000 00000 00000 00000 00000 
4f0: 00000 00000 00000 00000 00000 00000 00000 00000 
4f8: 00000 00000 00000 00000 00000 00000 00000 00000 
500: 00230 00230 00230 00230 02120 02120 02120 02120 
508: 00230 00230 00230 00230 02220 02220 02220 02220 
510: 00060 00060 00060 00060 00800 00800 00800 00800 
518: 00000 00000 00000 00000 00000 00000 00000 00000 
520: 00000 00000 00000 00000 00000 00000 00000 00000 
528: 00000 00000 00000 00000 00000 00000 00000 00000 
530: 00000 00000 00000 00000 00000 00000 00000 00000 
538: 00000 00000 00000 00000 00000 00000 00000 00000 
540: 00230 00230 00230 00230 02120 02120 02120 02120 
548: 00230 00230 00230 00230 02220 02220 02220 02220 
550: 00188 00188 00188 00188 00800 00800 00800 00800 
558: 00000 00000 00000 00000 00000 00000 00000 00000 
560: 00000 00000 00000 00000 00000 00000 00000 00000 
568: 00000 00000 00000 00000 00000 00000 00000 00000 
570: 00000 00000 00000 00000 00000 00000 00000 00000 
578: 00000 00000 00000 00000 00000 00000 00000 00000 
580: 00230 00230 00230 00230 02120 02120 02120 02120 
588: 00230 00230 00230 00230 02060 02060 02060 02060 
590: 00800 00800 00800 00800 00000 00000 00000 00000 
598: 00000 00000 00000 00000 00000 00000 00000 00000 
5a0: 00000 00000 00000 00000 00000 00000 00000 00000 
5a8: 00000 00000 00000 00000 00000 00000 00000 00000 
5b0: 00000 00000 00000 00000 00000 00000 00000 00000 
5b8: 00000 00000 00000 00000 00000 00000 00000 00000 
5c0: 00230 00230 00230 00230 02120 02120 02120 02120 
5c8: 000c8 000c8 000c8 000c8 00050 00050 00050 00050 
5d0: 00098 00098 00098 00098 00800 00800 00800 00800 
5d8: 00000 00000 00000 00000 00000 00000 00000 00000 
5e0: 00000 00000 00000 00000 00000 00000 00000 00000 
5e8: 00000 00000 00000 00000 00000 00000 00000 00000 
5f0: 00000 00000 00000 00000 00000 00000 00000 00000 
5f8: 00000 00000 00000 00000 00000 00000 00000 00000 
600: 00230 00230 00230 00230 02120 02120 02120 02120 
608: 00088 00088 00088 00088 00058 00058 00058 00058 
610: 000d0 000d0 000d0 000d0 00800 00800 00800 00800 
618: 00000 00000 00000 00000 00000 00000 00000 00000 
620: 00000 00000 00000 00000 00000 00000 00000 00000 
628: 00000 00000 00000 00000 00000 00000 00000 00000 
630: 00000 00000 00000 00000 00000 00000 00000 00000 
638: 00000 00000 00000 00000 00000 00000 00000 00000 
640: 00230 00230 00230 00230 02120 02120 02120 02120 
648: 04444 04444 04444 04444 00800 00800 00800 00800 
650: 00000 00000 00000 00000 00000 00000 00000 00000 
658: 00000 00000 00000 00000 00000 00000 00000 00000 
660: 00000 00000 00000 00000 00000 00000 00000 00000 
668: 00000 00000 00000 00000 00000 00000 00000 00000 
670: 00000 00000 00000 00000 00000 00000 00000 00000 
678: 00000 00000 00000 00000 00000 00000 00000 00000 
680: 00230 00230 00230 00230 02120 02120 02120 02120 
688: 04445 04445 04445 04445 00800 00800 00800 00800 
690: 00000 00000 00000 00000 00000 00000 00000 00000 
698: 00000 00000 00000 00000 00000 00000 00000 00000 
6a0: 00000 00000 00000 00000 00000 00000 00000 00000 
6a8: 00000 00000 00000 00000 00000 00000 00000 00000 
6b0: 00000 00000 00000 00000 00000 00000 00000 00000 
6b8: 00000 00000 00000 00000 00000 00000 00000 00000 
6c0: 00230 00230 00230 00230 02120 02120 02120 02120 
6c8: 00800 00800 00800 00800 00000 00000 00000 00000 
6d0: 00000 00000 00000 00000 00000 00000 00000 00000 
6d8: 00000 00000 00000 00000 00000 00000 00000 00000 
6e0: 00000 00000 00000 00000 00000 00000 00000 00000 
6e8: 00000 00000 00000 00000 00000 00000 00000 00000 
6f0: 00000 00000 00000 00000 00000 00000 00000 00000 
6f8: 00000 00000 00000 00000 00000 00000 00000 00000 
700: 00230 00230 00230 00230 02120 02120 02120 02120 
708: 00800 00800 00800 00800 00000 00000 00000 00000 
710: 00000 00000 00000 00000 00000 00000 00000 00000 
718: 00000 00000 00000 00000 00000 00000 00000 00000 
720: 00000 00000 00000 00000 00000 00000 00000 00000 
728: 00000 00000 00000 00000 00000 00000 00000 00000 
730: 00000 00000 00000 00000 00000 00000 00000 00000 
738: 00000 00000 00000 00000 00000 00000 00000 00000 
740: 00230 00230 00230 00230 02120 02120 02120 02120 
748: 00800 00800 00800 00800 00000 00000 00000 00000 
750: 00000 00000 00000 00000 00000 00000 00000 00000 
758: 00000 00000 00000 00000 00000 00000 00000 00000 
760: 00000 00000 00000 00000 00000 00000 00000 00000 
768: 00000 00000 00000 00000 00000 00000 00000 00000 
770: 00000 00000 00000 00000 00000 00000 00000 00000 
778: 00000 00000 00000 00000 00000 00000 00000 00000 
780: 00230 00230 00230 00230 02120 02120 02120 02120 
788: 00800 00800 00800 00800 00000 00000 00000 00000 
790: 00000 00000 00000 00000 00000 00000 00000 00000 
798: 00000 00000 00000 00000 00000 00000 00000 00000 
7a0: 00000 00000 00000 00000 00000 00000 00000 00000 
7a8: 00000 00000 00000 00000 00000 00000 00000 00000 
7b0: 00000 00000 00000 00000 00000 00000 00000 00000 
7b8: 00000 00000 00000 00000 00000 00000 00000 00000 
7c0: 00230 00230 00230 00230 02120 02120 02120 02120 
7c8: 00800 00800 00800 00800 00000 00000 00000 00000 
7d0: 00000 00000 00000 00000 00000 00000 00000 00000 
7d8: 00000 00000 00000 00000 00000 00000 00000 00000 
7e0: 00000 00000 00000 00000 00000 00000 00000 00000 
7e8: 00000 00000 00000 00000 00000 00000 00000 00000 
7f0: 00000 00000 00000 00000 00000 00000 00000 00000 
7f8: 00000 00000 00000 00000 00000 00000 00000 00000 